Readers List: ['ACS ACR38 Smart Card Reader 00 00']
ICC:     00 00 00 00 00 00 00 04 00 71 B3 00 00 00 00 00 01 B9 39 12 02 50 00 33 01 1A 14 44 00
Holder1: 04 00 98 E5 94 C8 02 0D D0 24 54 93 D5 90 00 00 00 00 00 00 00 19 83 05 18 95 02 E4 87
Holder2: ED 0C A8 97 00 00 00 00 00 00 00 00 00 00 00 00 00 00 00 00 00 00 00 00 00 00 00 00 00
EnvHol1: 08 38 2B 00 08 BD 59 2A 46 60 C1 46 18 E5 94 C8 02 0D D0 24 54 92 42 A2 00 00 00 00 00
EnvHol2: 00 00 00 00 00 00 00 00 00 00 00 00 00 00 00 00 00 00 00 00 00 00 00 00 00 00 00 00 00
EvLog1:  09 0F D7 DE 04 20 60 86 60 00 00 00 00 69 66 78 B6 40 00 0A 00 00 01 D0 FD 77 00 00 00
EvLog2:  09 0F D7 CC 04 20 60 86 60 00 00 00 00 69 61 A3 36 40 00 09 C0 00 01 90 FD 77 00 00 00
EvLog3:  09 0F D7 BC 04 20 60 86 60 00 00 00 00 69 5C B5 16 40 00 09 80 00 01 50 FD 77 00 00 00
ConList: 11 29 40 32 80 00 00 00 00 00 00 00 00 00 00 00 00 00 00 00 00 00 00 00 00 00 00 00 00
Contra1: 0E F0 21 28 CA 21 FA 02 ED FC 00 1B 9A 03 48 0A C0 08 04 00 00 00 00 00 00 78 52 E5 F8
Contra2: 00 00 00 00 00 00 00 00 00 00 00 00 00 00 00 00 00 00 00 00 00 00 00 00 00 00 00 00 00
Contra3: 00 00 00 00 00 00 00 00 00 00 00 00 00 00 00 00 00 00 00 00 00 00 00 00 00 00 00 00 00
Contra4: 00 00 00 00 00 00 00 00 00 00 00 00 00 00 00 00 00 00 00 00 00 00 00 00 00 00 00 00 00
Contra5: 00 00 00 00 00 00 00 00 00 00 00 00 00 00 00 00 00 00 00 00 00 00 00 00 00 00 00 00 00
Contra6: 00 00 00 00 00 00 00 00 00 00 00 00 00 00 00 00 00 00 00 00 00 00 00 00 00 00 00 00 00
Contra7: 00 00 00 00 00 00 00 00 00 00 00 00 00 00 00 00 00 00 00 00 00 00 00 00 00 00 00 00 00
Contra8: 00 00 00 00 00 00 00 00 00 00 00 00 00 00 00 00 00 00 00 00 00 00 00 00 00 00 00 00 00
Counter: 00 2F 02 00 00 00 00 00 00 00 00 00 00 00 00 00 00 00 00 00 00 00 00 00 00 00 00 00 00
LoadLog: 10 FD 00 73 00 00 00 00 00 00 00 02 90 AE 01 76 FE 00 1B CB 00 03 D2 8C 93 00 00 00 00
Purcha1: 00 00 10 FD 02 90 73 AE 01 76 FE 00 1B CC 00 00 00 00 04 64 94 F1 00 00 00 00 00 00 00
Purcha2: 00 00 00 00 00 00 73 AE 01 45 44 00 50 27 00 00 00 00 02 15 F0 60 00 00 00 00 00 00 00
